,state,date,cases_confirmed,total_deaths,new_deaths,total_US_deaths,death_ratio,total_US_rec,approx_state_rec_total
0,California,1/22/20,0,0,0,0,0.0,0,0.0
1,California,1/23/20,0,0,0,0,0.0,0,0.0
2,California,1/24/20,0,0,0,0,0.0,0,0.0
3,California,1/25/20,0,0,0,0,0.0,0,0.0
4,California,1/26/20,2,0,0,0,0.0,0,0.0
5,California,1/27/20,2,0,0,0,0.0,0,0.0
6,California,1/28/20,2,0,0,0,0.0,0,0.0
7,California,1/29/20,2,0,0,0,0.0,0,0.0
8,California,1/30/20,2,0,0,0,0.0,0,0.0
9,California,1/31/20,3,0,0,0,0.0,0,0.0
10,California,2/1/20,3,0,0,0,0.0,0,0.0
11,California,2/2/20,3,0,0,0,0.0,0,0.0
12,California,2/3/20,6,0,0,0,0.0,0,0.0
13,California,2/4/20,6,0,0,0,0.0,0,0.0
14,California,2/5/20,6,0,0,0,0.0,0,0.0
15,California,2/6/20,6,0,0,0,0.0,0,0.0
16,California,2/7/20,6,0,0,0,0.0,0,0.0
17,California,2/8/20,6,0,0,0,0.0,0,0.0
18,California,2/9/20,6,0,0,0,0.0,3,0.0
19,California,2/10/20,6,0,0,0,0.0,3,0.0
20,California,2/11/20,7,0,0,0,0.0,3,0.0
21,California,2/12/20,7,0,0,0,0.0,3,0.0
22,California,2/13/20,8,0,0,0,0.0,3,0.0
23,California,2/14/20,8,0,0,0,0.0,3,0.0
24,California,2/15/20,8,0,0,0,0.0,3,0.0
25,California,2/16/20,8,0,0,0,0.0,3,0.0
26,California,2/17/20,8,0,0,0,0.0,3,0.0
27,California,2/18/20,8,0,0,0,0.0,3,0.0
28,California,2/19/20,8,0,0,0,0.0,3,0.0
29,California,2/20/20,8,0,0,0,0.0,3,0.0
30,California,2/21/20,10,0,0,0,0.0,5,0.0
31,California,2/22/20,10,0,0,0,0.0,5,0.0
32,California,2/23/20,10,0,0,0,0.0,5,0.0
33,California,2/24/20,10,0,0,0,0.0,5,0.0
34,California,2/25/20,10,0,0,0,0.0,6,0.0
35,California,2/26/20,10,0,0,0,0.0,6,0.0
36,California,2/27/20,11,0,0,0,0.0,6,0.0
37,California,2/28/20,11,0,0,0,0.0,7,0.0
38,California,2/29/20,12,0,0,1,0.0,7,0.0
39,California,3/1/20,12,0,0,1,0.0,7,0.0
40,California,3/2/20,21,0,0,6,0.0,7,0.0
41,California,3/3/20,25,0,0,7,0.0,7,0.0
42,California,3/4/20,35,1,1,11,0.09090909090909091,7,1.0
43,California,3/5/20,51,1,0,12,0.08333333333333333,7,1.0
44,California,3/6/20,59,1,0,14,0.07142857142857142,7,0.0
45,California,3/7/20,81,1,0,17,0.058823529411764705,7,0.0
46,California,3/8/20,95,1,0,21,0.047619047619047616,7,0.0
47,California,3/9/20,101,1,0,22,0.045454545454545456,7,0.0
48,California,3/10/20,144,2,1,28,0.07142857142857142,8,1.0
49,California,3/11/20,178,4,2,32,0.125,8,1.0
50,California,3/12/20,221,4,0,43,0.09302325581395349,12,1.0
51,California,3/13/20,281,4,0,52,0.07692307692307693,12,1.0
52,California,3/14/20,372,3,-1,59,0.05084745762711865,12,1.0
53,California,3/15/20,373,5,2,72,0.06944444444444445,12,1.0
54,California,3/16/20,557,7,2,100,0.07,17,1.0
55,California,3/17/20,700,12,5,134,0.08955223880597014,17,2.0
56,California,3/18/20,828,16,4,191,0.08376963350785341,105,9.0
57,California,3/19/20,1005,18,2,269,0.06691449814126393,121,8.0
58,California,3/20/20,1243,24,6,366,0.06557377049180328,147,10.0
59,California,3/21/20,1405,25,1,456,0.05482456140350877,176,10.0
60,California,3/22/20,1646,30,5,600,0.05,178,9.0
61,California,3/23/20,2108,39,9,784,0.04974489795918367,178,9.0
62,California,3/24/20,2538,50,11,1019,0.04906771344455348,348,17.0
63,California,3/25/20,2998,65,15,1329,0.04890895410082769,361,18.0
64,California,3/26/20,3899,81,16,1736,0.04665898617511521,681,32.0
65,California,3/27/20,4657,94,13,2284,0.04115586690017513,869,36.0
66,California,3/28/20,5095,110,16,2921,0.03765833618623759,1072,40.0
67,California,3/29/20,5852,124,14,3546,0.03496897913141568,2665,93.0
68,California,3/30/20,7138,146,22,4352,0.03354779411764706,5644,189.0
69,California,3/31/20,8210,173,27,5568,0.031070402298850573,7024,218.0
70,California,4/1/20,9399,199,26,6787,0.029320760277000146,8474,248.0
71,California,4/2/20,10773,238,39,8349,0.02850640795304827,9001,257.0
72,California,4/3/20,12004,265,27,9646,0.027472527472527472,9707,267.0
73,California,4/4/20,12837,289,24,10912,0.02648460410557185,14652,388.0
74,California,4/5/20,15034,348,59,12323,0.028239876653412318,17448,493.0
75,California,4/6/20,16019,380,32,13985,0.027171969967822666,19581,532.0
76,California,4/7/20,17351,432,52,16290,0.026519337016574586,21763,577.0
77,California,4/8/20,18897,495,63,18369,0.026947574718275354,23559,635.0
78,California,4/9/20,19710,544,49,20415,0.026647073230467794,25410,677.0
79,California,4/10/20,21081,583,39,22486,0.025927243618251355,28790,746.0
80,California,4/11/20,21706,604,21,24498,0.024655073883582332,31270,771.0
81,California,4/12/20,22795,640,36,26238,0.024392103056635413,32988,805.0
82,California,4/13/20,23931,714,74,28036,0.02546725638464831,43482,1107.0
83,California,4/14/20,25356,767,53,30429,0.025206217752801605,47763,1204.0
84,California,4/15/20,26686,860,93,32944,0.026104905293831956,52096,1360.0
85,California,4/16/20,27677,956,96,35031,0.02729011447004082,54703,1493.0
86,California,4/17/20,29157,1037,81,37621,0.027564392227745142,58545,1614.0
87,California,4/18/20,30491,1140,103,39966,0.028524245608767453,64840,1850.0
88,California,4/19/20,31431,1177,37,41148,0.028604063380966268,70337,2012.0
89,California,4/20/20,33686,1225,48,42918,0.02854280255370707,72329,2064.0
90,California,4/21/20,35465,1282,57,45314,0.028291477247649733,75204,2128.0
91,California,4/22/20,37344,1421,139,47649,0.029822241809901572,77366,2307.0
92,California,4/23/20,39561,1533,112,49969,0.03067902099301567,80203,2461.0
93,California,4/24/20,41355,1621,88,51746,0.03132609283809377,99079,3104.0
94,California,4/25/20,42368,1689,68,54015,0.03126909191891141,100372,3139.0
95,California,4/26/20,43558,1725,36,55162,0.03127152750081578,106988,3346.0
96,California,4/27/20,44966,1779,54,56502,0.0314856111288096,111424,3508.0
97,California,4/28/20,46164,1864,85,58632,0.03179151316687133,115936,3686.0
98,California,4/29/20,48747,1946,82,61252,0.03177039117090054,120720,3835.0
99,California,4/30/20,50130,2031,85,63291,0.032089870597715314,153947,4940.0
100,California,5/1/20,52026,2126,95,65243,0.032585871281210245,164015,5345.0
101,California,5/2/20,53347,2180,54,66668,0.032699346013079736,175382,5735.0
102,California,5/3/20,54903,2216,36,67990,0.03259302838652743,180152,5872.0
103,California,5/4/20,55884,2278,62,69237,0.03290148331094646,187180,6158.0
104,California,5/5/20,58456,2381,103,71387,0.03335341168560102,189791,6330.0
105,California,5/6/20,60616,2464,83,73775,0.03339884784818706,189910,6343.0
106,California,5/7/20,62148,2535,71,75986,0.03336140868054641,195036,6507.0
107,California,5/8/20,63779,2613,78,77495,0.03371830440673592,198993,6710.0
108,California,5/9/20,66558,2687,74,79122,0.03396021334142211,212534,7218.0
109,California,5/10/20,67600,2716,29,79856,0.034011220196353435,216169,7352.0
110,California,5/11/20,69329,2779,63,81018,0.03430101952652497,232733,7983.0
111,California,5/12/20,70978,2879,100,82709,0.03480878743546652,230287,8016.0
112,California,5/13/20,72798,2957,78,84452,0.03501397243404537,243430,8523.0
113,California,5/14/20,74871,3052,95,86229,0.03539412494636375,246414,8722.0
114,California,5/15/20,76693,3136,84,87862,0.03569233570826979,250747,8950.0
115,California,5/16/20,78725,3208,72,89084,0.03601095595168605,268376,9664.0
116,California,5/17/20,80166,3240,32,89893,0.0360428509450124,272265,9813.0
117,California,5/18/20,81457,3279,39,90683,0.036158927252075916,283178,10239.0
118,California,5/19/20,83752,3403,124,92252,0.03688808914711876,289392,10675.0
119,California,5/20/20,85997,3497,94,93775,0.03729138896294321,294312,10975.0
120,California,5/21/20,88031,3583,86,95020,0.03770785097874132,298418,11253.0
121,California,5/22/20,90252,3665,82,96296,0.03805973249148459,350135,13326.0
122,California,5/23/20,92539,3737,72,97406,0.03836519310925405,361239,13859.0
123,California,5/24/20,94020,3753,16,98039,0.03828068421750528,366736,14039.0
124,California,5/25/20,96400,3768,15,98541,0.038237890827168386,379157,14498.0
125,California,5/26/20,99387,3818,50,99239,0.038472777839357514,384902,14808.0
126,California,5/27/20,101050,3894,76,100744,0.03865242595092512,391508,15133.0
127,California,5/28/20,103813,3993,99,101937,0.03917125283263192,399991,15668.0
128,California,5/29/20,106622,4077,84,103113,0.03953914637339618,406446,16071.0
129,California,5/30/20,109895,4144,67,104054,0.03982547523401311,416461,16586.0
130,California,5/31/20,111951,4172,28,104659,0.03986279249753963,444758,17729.0
131,California,6/1/20,114733,4217,45,105430,0.03999810300673433,458231,18328.0
132,California,6/2/20,117215,4305,88,106461,0.040437343252458645,463868,18758.0
133,California,6/3/20,119348,4374,69,107444,0.04070957894344961,479258,19510.0
134,California,6/4/20,122168,4444,70,108479,0.04096645433678408,485002,19869.0
135,California,6/5/20,125738,4529,85,109449,0.041380003471936704,491706,20347.0
136,California,6/6/20,128593,4607,78,110124,0.04183465911154698,500849,20953.0
137,California,6/7/20,130615,4632,25,110575,0.041890119828170924,506367,21212.0
138,California,6/8/20,133816,4657,25,111068,0.04192926855619981,518522,21741.0
139,California,6/9/20,136641,4745,88,112014,0.04236077633152999,524855,22233.0
140,California,6/10/20,139715,4854,109,112935,0.04298047549475362,533504,22930.0
141,California,6/11/20,143377,4934,80,113823,0.04334800523620007,540292,23421.0
142,California,6/12/20,146659,4978,44,114669,0.0434119073158395,547386,23763.0
143,California,6/13/20,150018,5076,98,115436,0.043972417616688034,556606,24475.0
144,California,6/14/20,152300,5099,23,115732,0.04405868731206581,561816,24753.0
145,California,6/15/20,155726,5114,15,116127,0.04403799288709775,576334,25381.0
146,California,6/16/20,158961,5200,86,116963,0.044458503971341365,583503,25942.0
147,California,6/17/20,162798,5271,71,117717,0.04477688014475394,592191,26516.0
148,California,6/18/20,167086,5355,84,118432,0.0452158200486355,599115,27089.0
149,California,6/19/20,170862,5426,71,119124,0.045549175648903664,606715,27635.0
150,California,6/20/20,175213,5494,68,119719,0.0458907942765977,617460,28336.0
151,California,6/21/20,178546,5515,21,119977,0.045967143702542984,622133,28598.0
152,California,6/22/20,184765,5566,51,120402,0.04622846796564841,640198,29595.0
